1581187991308943361
1581192915111452672
1581192922149507074
1581192929107812352
1581193407480836096
1581197045766815744
1581197362923393024
1581004413220532229
1581198226580860929
1581177431318069248
1581199700681584642
1581198887557029888
1581690942083321858
1581702659676942336
1581702399323840512
1581704533117652993
1581707802485071874
1581595337437122560
1581664660746489856
1581718456105578497
1581676346651987968
1581706542495109120
1581646144517513218
1581722552858136576
1581715630386216961
1581718572988268544
1581666926937354241
1581725985543974912
1581726175054901248
1581726279006445568
1581725130727702528
1581726330701623296
1581661376745201665
1581693647141339137
1581726527741304832
1581566981530357760
1581659159896154114
1581676349894295555
1581735378889105408
1581736290097147904
1581638145548095488
1581571797475999746
1581774690976239618
1581755663646363648
1581690962169909248
1581784695276072960
1581784695276072960
1581813599772807168
1581817212280909824
1581815820485021696
1581816682104115200
1581816943920545792
1581817491202142213
1581817567425220608
1581818276673654785
1581823741201649665
1581842078287290369
1581842684901138432
1581666030249803780
1581701763027066881
1581628531003498496
1581820612536045573
1581845217455792129
1581827554159505408
1581825757101568001
1581847747246063616
1581851737681702914
1581724155111686151
1581769705097818112
1581861908780457985
1581865186062831617
1581865192299773952
1581865239477248000
1581869607744589824
1581872092622229504
1581872088012709888
1581873955685605377
1581873941164892160
1581873925780144128
1581877515659853825
1581740457390145536
1581632554066620416
1581557053767634944
1581874409882591233
1581873172659417088
1581863777972400128
1581876850065694720
1581878475404718082
1581883619496562688
1581868464003698689
1581868454818504704
1581883889319956480
1581883958765424640
1581883911713398784
1581889155067367424
1581889162063454209
1581889197433970688
1581892467062116352
1581845540643692546
1581711068639830016
1581846427319554048
1581894445162631169
1581894485335646208
1581894488217120768
1581894743185063936
1581894782812848128
1581894690643009539
1581898279285297157
1581898528242008065
1581899473474965504
1581900498046574593
1581901880040427521
1581895845359718401
1581890042204938241
1581880088571674624
1581907508893200385
1581881568280600577
1581878868608417792
1581518020458950657
1581155586917355521
1581908367546920960
1581908634732142593
1581909724580130816
